200 200 -100 -100 100 100 -50 -50 50 50 -25 -25 10 10 9 8 7 6 5 4 3 2 1 
200 200 -100 -100 100 100 -50 -50 50 50 -25 -25 10 10 9 8 7 6 5 4 3 2 1 
200 200 -100 -100 100 100 -50 -50 50 50 -25 -25 10 10 9 8 7 6 5 4 3 2 1 
200 200 -100 -100 100 100 -50 -50 50 50 -25 -25 10 10 9 8 7 6 5 4 3 2 1 
200 200 -100 -100 100 100 -50 -50 50 50 -25 -25 10 10 9 8 7 6 5 4 3 2 1
200 200 -100 -100 100 100 -50 -50 50 50 -25 -25 10 10 9 8 7 6 5 4 3 2 1
200 200 -100 -100 100 100 -50 -50 50 50 -25 -25 10 10 9 8 7 6 5 4 3 2 1 
200 200 -100 -100 100 100 -50 -50 50 50 -25 -25 10 10 9 8 7 6 5 4 3 2 1 
200 200 -100 -100 100 100 -50 -50 50 50 -25 -25 10 10 9 8 7 6 5 4 3 2 1 
200 200 -100 -100 100 100 -50 -50 50 50 -25 -25 10 10 9 8 7 6 5 4 3 2 1 
200 200 -100 -100 100 100 -50 -50 50 50 -25 -25 10 10 9 8 7 6 5 4 3 2 1 
200 200 -100 -100 100 100 -50 -50 50 50 -25 -25 10 10 9 8 7 6 5 4 3 2 1 
200 200 -100 -100 100 100 -50 -50 50 50 -25 -25 10 10 9 8 7 6 5 4 3 2 1 
200 200 -100 -100 100 100 -50 -50 50 50 -25 -25 10 10 9 8 7 6 5 4 3 2 1 
200 200 -100 -100 100 100 -50 -50 50 50 -25 -25 10 10 9 8 7 6 5 4 3 2 1 
200 200 -100 -100 100 100 -50 -50 50 50 -25 -25 10 10 9 8 7 6 5 4 3 2 1 
200 200 -100 -100 100 100 -50 -50 50 50 -25 -25 10 10 9 8 7 6 5 4 3 2 1 
200 200 -100 -100 100 100 -50 -50 50 50 -25 -25 10 10 9 8 7 6 5 4 3 2 1 
200 200 -100 -100 100 100 -50 -50 50 50 -25 -25 10 10 9 8 7 6 5 4 3 2 1 
200 200 -100 -100 100 100 -50 -50 50 50 -25 -25 10 10 9 8 7 6 5 4 3 2 1 
200 200 -100 -100 100 100 -50 -50 50 50 -25 -25 10 10 9 8 7 6 5 4 3 2 1 
200 200 -100 -100 100 100 -50 -50 50 50 -25 -25 10 10 9 8 7 6 5 4 3 2 1 
200 200 -100 -100 100 100 -50 -50 50 50 -25 -25 10 10 9 8 7 6 5 4 3 2 1 
200 200 -100 -100 100 100 -50 -50 50 50 -25 -25 10 10 9 8 7 6 5 4 3 2 1 
200 200 -100 -100 100 100 -50 -50 50 50 -25 -25 10 10 9 8 7 6 5 4 3 2 1 